image: basement.png
resolution: 0.0504
origin:  [32.700000, 46.00000, 3.14]
# resolution: 1.0
# origin:  [0.0,0.0,0.0]
negate: 0
occupied_thresh: 0.65
free_thresh: 0.196